202
0.0 0.0 0.5
0.200000 0.000000 0.5
0.199605 0.012558 0.5
0.198423 0.025067 0.5
0.196457 0.037476 0.5
0.193717 0.049738 0.5
0.190211 0.061803 0.5
0.185955 0.073625 0.5
0.180965 0.085156 0.5
0.175261 0.096351 0.5
0.168866 0.107165 0.5
0.161803 0.117557 0.5
0.154103 0.127485 0.5
0.145794 0.136909 0.5
0.136909 0.145794 0.5
0.127485 0.154103 0.5
0.117557 0.161803 0.5
0.107165 0.168866 0.5
0.096351 0.175261 0.5
0.085156 0.180965 0.5
0.073625 0.185955 0.5
0.061803 0.190211 0.5
0.049738 0.193717 0.5
0.037476 0.196457 0.5
0.025067 0.198423 0.5
0.012558 0.199605 0.5
0.000000 0.200000 0.5
-0.012558 0.199605 0.5
-0.025067 0.198423 0.5
-0.037476 0.196457 0.5
-0.049738 0.193717 0.5
-0.061803 0.190211 0.5
-0.073625 0.185955 0.5
-0.085156 0.180965 0.5
-0.096351 0.175261 0.5
-0.107165 0.168866 0.5
-0.117557 0.161803 0.5
-0.127485 0.154103 0.5
-0.136909 0.145794 0.5
-0.145794 0.136909 0.5
-0.154103 0.127485 0.5
-0.161803 0.117557 0.5
-0.168866 0.107165 0.5
-0.175261 0.096351 0.5
-0.180965 0.085156 0.5
-0.185955 0.073625 0.5
-0.190211 0.061803 0.5
-0.193717 0.049738 0.5
-0.196457 0.037476 0.5
-0.198423 0.025067 0.5
-0.199605 0.012558 0.5
-0.200000 0.000000 0.5
-0.199605 -0.012558 0.5
-0.198423 -0.025067 0.5
-0.196457 -0.037476 0.5
-0.193717 -0.049738 0.5
-0.190211 -0.061803 0.5
-0.185955 -0.073625 0.5
-0.180965 -0.085156 0.5
-0.175261 -0.096351 0.5
-0.168866 -0.107165 0.5
-0.161803 -0.117557 0.5
-0.154103 -0.127485 0.5
-0.145794 -0.136909 0.5
-0.136909 -0.145794 0.5
-0.127485 -0.154103 0.5
-0.117557 -0.161803 0.5
-0.107165 -0.168866 0.5
-0.096351 -0.175261 0.5
-0.085156 -0.180965 0.5
-0.073625 -0.185955 0.5
-0.061803 -0.190211 0.5
-0.049738 -0.193717 0.5
-0.037476 -0.196457 0.5
-0.025067 -0.198423 0.5
-0.012558 -0.199605 0.5
-0.000000 -0.200000 0.5
0.012558 -0.199605 0.5
0.025067 -0.198423 0.5
0.037476 -0.196457 0.5
0.049738 -0.193717 0.5
0.061803 -0.190211 0.5
0.073625 -0.185955 0.5
0.085156 -0.180965 0.5
0.096351 -0.175261 0.5
0.107165 -0.168866 0.5
0.117557 -0.161803 0.5
0.127485 -0.154103 0.5
0.136909 -0.145794 0.5
0.145794 -0.136909 0.5
0.154103 -0.127485 0.5
0.161803 -0.117557 0.5
0.168866 -0.107165 0.5
0.175261 -0.096351 0.5
0.180965 -0.085156 0.5
0.185955 -0.073625 0.5
0.190211 -0.061803 0.5
0.193717 -0.049738 0.5
0.196457 -0.037476 0.5
0.198423 -0.025067 0.5
0.199605 -0.012558 0.5
0.0 0.0 -0.5
0.200000 0.000000 -0.5
0.199605 0.012558 -0.5
0.198423 0.025067 -0.5
0.196457 0.037476 -0.5
0.193717 0.049738 -0.5
0.190211 0.061803 -0.5
0.185955 0.073625 -0.5
0.180965 0.085156 -0.5
0.175261 0.096351 -0.5
0.168866 0.107165 -0.5
0.161803 0.117557 -0.5
0.154103 0.127485 -0.5
0.145794 0.136909 -0.5
0.136909 0.145794 -0.5
0.127485 0.154103 -0.5
0.117557 0.161803 -0.5
0.107165 0.168866 -0.5
0.096351 0.175261 -0.5
0.085156 0.180965 -0.5
0.073625 0.185955 -0.5
0.061803 0.190211 -0.5
0.049738 0.193717 -0.5
0.037476 0.196457 -0.5
0.025067 0.198423 -0.5
0.012558 0.199605 -0.5
0.000000 0.200000 -0.5
-0.012558 0.199605 -0.5
-0.025067 0.198423 -0.5
-0.037476 0.196457 -0.5
-0.049738 0.193717 -0.5
-0.061803 0.190211 -0.5
-0.073625 0.185955 -0.5
-0.085156 0.180965 -0.5
-0.096351 0.175261 -0.5
-0.107165 0.168866 -0.5
-0.117557 0.161803 -0.5
-0.127485 0.154103 -0.5
-0.136909 0.145794 -0.5
-0.145794 0.136909 -0.5
-0.154103 0.127485 -0.5
-0.161803 0.117557 -0.5
-0.168866 0.107165 -0.5
-0.175261 0.096351 -0.5
-0.180965 0.085156 -0.5
-0.185955 0.073625 -0.5
-0.190211 0.061803 -0.5
-0.193717 0.049738 -0.5
-0.196457 0.037476 -0.5
-0.198423 0.025067 -0.5
-0.199605 0.012558 -0.5
-0.200000 0.000000 -0.5
-0.199605 -0.012558 -0.5
-0.198423 -0.025067 -0.5
-0.196457 -0.037476 -0.5
-0.193717 -0.049738 -0.5
-0.190211 -0.061803 -0.5
-0.185955 -0.073625 -0.5
-0.180965 -0.085156 -0.5
-0.175261 -0.096351 -0.5
-0.168866 -0.107165 -0.5
-0.161803 -0.117557 -0.5
-0.154103 -0.127485 -0.5
-0.145794 -0.136909 -0.5
-0.136909 -0.145794 -0.5
-0.127485 -0.154103 -0.5
-0.117557 -0.161803 -0.5
-0.107165 -0.168866 -0.5
-0.096351 -0.175261 -0.5
-0.085156 -0.180965 -0.5
-0.073625 -0.185955 -0.5
-0.061803 -0.190211 -0.5
-0.049738 -0.193717 -0.5
-0.037476 -0.196457 -0.5
-0.025067 -0.198423 -0.5
-0.012558 -0.199605 -0.5
-0.000000 -0.200000 -0.5
0.012558 -0.199605 -0.5
0.025067 -0.198423 -0.5
0.037476 -0.196457 -0.5
0.049738 -0.193717 -0.5
0.061803 -0.190211 -0.5
0.073625 -0.185955 -0.5
0.085156 -0.180965 -0.5
0.096351 -0.175261 -0.5
0.107165 -0.168866 -0.5
0.117557 -0.161803 -0.5
0.127485 -0.154103 -0.5
0.136909 -0.145794 -0.5
0.145794 -0.136909 -0.5
0.154103 -0.127485 -0.5
0.161803 -0.117557 -0.5
0.168866 -0.107165 -0.5
0.175261 -0.096351 -0.5
0.180965 -0.085156 -0.5
0.185955 -0.073625 -0.5
0.190211 -0.061803 -0.5
0.193717 -0.049738 -0.5
0.196457 -0.037476 -0.5
0.198423 -0.025067 -0.5
0.199605 -0.012558 -0.5
202
0 0.0000 1.0000 0.0000
1 0.0000 1.0000 0.0000
2 0.0000 1.0000 0.0000
3 0.0000 1.0000 0.0000
4 0.0000 1.0000 0.0000
5 0.0000 1.0000 0.0000
6 0.0000 1.0000 0.0000
7 0.0000 1.0000 0.0000
8 0.0000 1.0000 0.0000
9 0.0000 1.0000 0.0000
10 0.0000 1.0000 0.0000
11 0.0000 1.0000 0.0000
12 0.0000 1.0000 0.0000
13 0.0000 1.0000 0.0000
14 0.0000 1.0000 0.0000
15 0.0000 1.0000 0.0000
16 0.0000 1.0000 0.0000
17 0.0000 1.0000 0.0000
18 0.0000 1.0000 0.0000
19 0.0000 1.0000 0.0000
20 0.0000 1.0000 0.0000
21 0.0000 1.0000 0.0000
22 0.0000 1.0000 0.0000
23 0.0000 1.0000 0.0000
24 0.0000 1.0000 0.0000
25 0.0000 1.0000 0.0000
26 0.0000 1.0000 0.0000
27 0.0000 1.0000 0.0000
28 0.0000 1.0000 0.0000
29 0.0000 1.0000 0.0000
30 0.0000 1.0000 0.0000
31 0.0000 1.0000 0.0000
32 0.0000 1.0000 0.0000
33 0.0000 1.0000 0.0000
34 0.0000 1.0000 0.0000
35 0.0000 1.0000 0.0000
36 0.0000 1.0000 0.0000
37 0.0000 1.0000 0.0000
38 0.0000 1.0000 0.0000
39 0.0000 1.0000 0.0000
40 0.0000 1.0000 0.0000
41 0.0000 1.0000 0.0000
42 0.0000 1.0000 0.0000
43 0.0000 1.0000 0.0000
44 0.0000 1.0000 0.0000
45 0.0000 1.0000 0.0000
46 0.0000 1.0000 0.0000
47 0.0000 1.0000 0.0000
48 0.0000 1.0000 0.0000
49 0.0000 1.0000 0.0000
50 0.0000 1.0000 0.0000
51 0.0000 1.0000 0.0000
52 0.0000 1.0000 0.0000
53 0.0000 1.0000 0.0000
54 0.0000 1.0000 0.0000
55 0.0000 1.0000 0.0000
56 0.0000 1.0000 0.0000
57 0.0000 1.0000 0.0000
58 0.0000 1.0000 0.0000
59 0.0000 1.0000 0.0000
60 0.0000 1.0000 0.0000
61 0.0000 1.0000 0.0000
62 0.0000 1.0000 0.0000
63 0.0000 1.0000 0.0000
64 0.0000 1.0000 0.0000
65 0.0000 1.0000 0.0000
66 0.0000 1.0000 0.0000
67 0.0000 1.0000 0.0000
68 0.0000 1.0000 0.0000
69 0.0000 1.0000 0.0000
70 0.0000 1.0000 0.0000
71 0.0000 1.0000 0.0000
72 0.0000 1.0000 0.0000
73 0.0000 1.0000 0.0000
74 0.0000 1.0000 0.0000
75 0.0000 1.0000 0.0000
76 0.0000 1.0000 0.0000
77 0.0000 1.0000 0.0000
78 0.0000 1.0000 0.0000
79 0.0000 1.0000 0.0000
80 0.0000 1.0000 0.0000
81 0.0000 1.0000 0.0000
82 0.0000 1.0000 0.0000
83 0.0000 1.0000 0.0000
84 0.0000 1.0000 0.0000
85 0.0000 1.0000 0.0000
86 0.0000 1.0000 0.0000
87 0.0000 1.0000 0.0000
88 0.0000 1.0000 0.0000
89 0.0000 1.0000 0.0000
90 0.0000 1.0000 0.0000
91 0.0000 1.0000 0.0000
92 0.0000 1.0000 0.0000
93 0.0000 1.0000 0.0000
94 0.0000 1.0000 0.0000
95 0.0000 1.0000 0.0000
96 0.0000 1.0000 0.0000
97 0.0000 1.0000 0.0000
98 0.0000 1.0000 0.0000
99 0.0000 1.0000 0.0000
100 0.0000 1.0000 0.0000
101 0.0000 1.0000 0.0000
102 0.0000 1.0000 0.0000
103 0.0000 1.0000 0.0000
104 0.0000 1.0000 0.0000
105 0.0000 1.0000 0.0000
106 0.0000 1.0000 0.0000
107 0.0000 1.0000 0.0000
108 0.0000 1.0000 0.0000
109 0.0000 1.0000 0.0000
110 0.0000 1.0000 0.0000
111 0.0000 1.0000 0.0000
112 0.0000 1.0000 0.0000
113 0.0000 1.0000 0.0000
114 0.0000 1.0000 0.0000
115 0.0000 1.0000 0.0000
116 0.0000 1.0000 0.0000
117 0.0000 1.0000 0.0000
118 0.0000 1.0000 0.0000
119 0.0000 1.0000 0.0000
120 0.0000 1.0000 0.0000
121 0.0000 1.0000 0.0000
122 0.0000 1.0000 0.0000
123 0.0000 1.0000 0.0000
124 0.0000 1.0000 0.0000
125 0.0000 1.0000 0.0000
126 0.0000 1.0000 0.0000
127 0.0000 1.0000 0.0000
128 0.0000 1.0000 0.0000
129 0.0000 1.0000 0.0000
130 0.0000 1.0000 0.0000
131 0.0000 1.0000 0.0000
132 0.0000 1.0000 0.0000
133 0.0000 1.0000 0.0000
134 0.0000 1.0000 0.0000
135 0.0000 1.0000 0.0000
136 0.0000 1.0000 0.0000
137 0.0000 1.0000 0.0000
138 0.0000 1.0000 0.0000
139 0.0000 1.0000 0.0000
140 0.0000 1.0000 0.0000
141 0.0000 1.0000 0.0000
142 0.0000 1.0000 0.0000
143 0.0000 1.0000 0.0000
144 0.0000 1.0000 0.0000
145 0.0000 1.0000 0.0000
146 0.0000 1.0000 0.0000
147 0.0000 1.0000 0.0000
148 0.0000 1.0000 0.0000
149 0.0000 1.0000 0.0000
150 0.0000 1.0000 0.0000
151 0.0000 1.0000 0.0000
152 0.0000 1.0000 0.0000
153 0.0000 1.0000 0.0000
154 0.0000 1.0000 0.0000
155 0.0000 1.0000 0.0000
156 0.0000 1.0000 0.0000
157 0.0000 1.0000 0.0000
158 0.0000 1.0000 0.0000
159 0.0000 1.0000 0.0000
160 0.0000 1.0000 0.0000
161 0.0000 1.0000 0.0000
162 0.0000 1.0000 0.0000
163 0.0000 1.0000 0.0000
164 0.0000 1.0000 0.0000
165 0.0000 1.0000 0.0000
166 0.0000 1.0000 0.0000
167 0.0000 1.0000 0.0000
168 0.0000 1.0000 0.0000
169 0.0000 1.0000 0.0000
170 0.0000 1.0000 0.0000
171 0.0000 1.0000 0.0000
172 0.0000 1.0000 0.0000
173 0.0000 1.0000 0.0000
174 0.0000 1.0000 0.0000
175 0.0000 1.0000 0.0000
176 0.0000 1.0000 0.0000
177 0.0000 1.0000 0.0000
178 0.0000 1.0000 0.0000
179 0.0000 1.0000 0.0000
180 0.0000 1.0000 0.0000
181 0.0000 1.0000 0.0000
182 0.0000 1.0000 0.0000
183 0.0000 1.0000 0.0000
184 0.0000 1.0000 0.0000
185 0.0000 1.0000 0.0000
186 0.0000 1.0000 0.0000
187 0.0000 1.0000 0.0000
188 0.0000 1.0000 0.0000
189 0.0000 1.0000 0.0000
190 0.0000 1.0000 0.0000
191 0.0000 1.0000 0.0000
192 0.0000 1.0000 0.0000
193 0.0000 1.0000 0.0000
194 0.0000 1.0000 0.0000
195 0.0000 1.0000 0.0000
196 0.0000 1.0000 0.0000
197 0.0000 1.0000 0.0000
198 0.0000 1.0000 0.0000
199 0.0000 1.0000 0.0000
200 0.0000 1.0000 0.0000
201 0.0000 1.0000 0.0000
400
1 2 0
2 3 0
3 4 0
4 5 0
5 6 0
6 7 0
7 8 0
8 9 0
9 10 0
10 11 0
11 12 0
12 13 0
13 14 0
14 15 0
15 16 0
16 17 0
17 18 0
18 19 0
19 20 0
20 21 0
21 22 0
22 23 0
23 24 0
24 25 0
25 26 0
26 27 0
27 28 0
28 29 0
29 30 0
30 31 0
31 32 0
32 33 0
33 34 0
34 35 0
35 36 0
36 37 0
37 38 0
38 39 0
39 40 0
40 41 0
41 42 0
42 43 0
43 44 0
44 45 0
45 46 0
46 47 0
47 48 0
48 49 0
49 50 0
50 51 0
51 52 0
52 53 0
53 54 0
54 55 0
55 56 0
56 57 0
57 58 0
58 59 0
59 60 0
60 61 0
61 62 0
62 63 0
63 64 0
64 65 0
65 66 0
66 67 0
67 68 0
68 69 0
69 70 0
70 71 0
71 72 0
72 73 0
73 74 0
74 75 0
75 76 0
76 77 0
77 78 0
78 79 0
79 80 0
80 81 0
81 82 0
82 83 0
83 84 0
84 85 0
85 86 0
86 87 0
87 88 0
88 89 0
89 90 0
90 91 0
91 92 0
92 93 0
93 94 0
94 95 0
95 96 0
96 97 0
97 98 0
98 99 0
99 100 0
100 1 0
104 103 102
105 104 102
106 105 102
107 106 102
108 107 102
109 108 102
110 109 102
111 110 102
112 111 102
113 112 102
114 113 102
115 114 102
116 115 102
117 116 102
118 117 102
119 118 102
120 119 102
121 120 102
122 121 102
123 122 102
124 123 102
125 124 102
126 125 102
127 126 102
128 127 102
129 128 102
130 129 102
131 130 102
132 131 102
133 132 102
134 133 102
135 134 102
136 135 102
137 136 102
138 137 102
139 138 102
140 139 102
141 140 102
142 141 102
143 142 102
144 143 102
145 144 102
146 145 102
147 146 102
148 147 102
149 148 102
150 149 102
151 150 102
152 151 102
153 152 102
154 153 102
155 154 102
156 155 102
157 156 102
158 157 102
159 158 102
160 159 102
161 160 102
162 161 102
163 162 102
164 163 102
165 164 102
166 165 102
167 166 102
168 167 102
169 168 102
170 169 102
171 170 102
172 171 102
173 172 102
174 173 102
175 174 102
176 175 102
177 176 102
178 177 102
179 178 102
180 179 102
181 180 102
182 181 102
183 182 102
184 183 102
185 184 102
186 185 102
187 186 102
188 187 102
189 188 102
190 189 102
191 190 102
192 191 102
193 192 102
194 193 102
195 194 102
196 195 102
197 196 102
198 197 102
199 198 102
200 199 102
201 200 102
202 201 102
103 201 102
2 1 103
3 2 104
4 3 105
5 4 106
6 5 107
7 6 108
8 7 109
9 8 110
10 9 111
11 10 112
12 11 113
13 12 114
14 13 115
15 14 116
16 15 117
17 16 118
18 17 119
19 18 120
20 19 121
21 20 122
22 21 123
23 22 124
24 23 125
25 24 126
26 25 127
27 26 128
28 27 129
29 28 130
30 29 131
31 30 132
32 31 133
33 32 134
34 33 135
35 34 136
36 35 137
37 36 138
38 37 139
39 38 140
40 39 141
41 40 142
42 41 143
43 42 144
44 43 145
45 44 146
46 45 147
47 46 148
48 47 149
49 48 150
50 49 151
51 50 152
52 51 153
53 52 154
54 53 155
55 54 156
56 55 157
57 56 158
58 57 159
59 58 160
60 59 161
61 60 162
62 61 163
63 62 164
64 63 165
65 64 166
66 65 167
67 66 168
68 67 169
69 68 170
70 69 171
71 70 172
72 71 173
73 72 174
74 73 175
75 74 176
76 75 177
77 76 178
78 77 179
79 78 180
80 79 181
81 80 182
82 81 183
83 82 184
84 83 185
85 84 186
86 85 187
87 86 188
88 87 189
89 88 190
90 89 191
91 90 192
92 91 193
93 92 194
94 93 195
95 94 196
96 95 197
97 96 198
98 97 199
99 98 200
100 99 201
101 100 202
103 104 2
104 105 3
105 106 4
106 107 5
107 108 6
108 109 7
109 110 8
110 111 9
111 112 10
112 113 11
113 114 12
114 115 13
115 116 14
116 117 15
117 118 16
118 119 17
119 120 18
120 121 19
121 122 20
122 123 21
123 124 22
124 125 23
125 126 24
126 127 25
127 128 26
128 129 27
129 130 28
130 131 29
131 132 30
132 133 31
133 134 32
134 135 33
135 136 34
136 137 35
137 138 36
138 139 37
139 140 38
140 141 39
141 142 40
142 143 41
143 144 42
144 145 43
145 146 44
146 147 45
147 148 46
148 149 47
149 150 48
150 151 49
151 152 50
152 153 51
153 154 52
154 155 53
155 156 54
156 157 55
157 158 56
158 159 57
159 160 58
160 161 59
161 162 60
162 163 61
163 164 62
164 165 63
165 166 64
166 167 65
167 168 66
168 169 67
169 170 68
170 171 69
171 172 70
172 173 71
173 174 72
174 175 73
175 176 74
176 177 75
177 178 76
178 179 77
179 180 78
180 181 79
181 182 80
182 183 81
183 184 82
184 185 83
185 186 84
186 187 85
187 188 86
188 189 87
189 190 88
190 191 89
191 192 90
192 193 91
193 194 92
194 195 93
195 196 94
196 197 95
197 198 96
198 199 97
199 200 98
200 201 99
201 202 100
202 203 101
